Row	Correct First Attempt
155	
402	
615	
852	
1039	
1182	
1729	
2387	
2636	
2844	
3251	
3314	
3730	
4154	
4417	
4671	
5552	
6138	
6635	
6831	
6971	
7525	
8235	
8529	
11321	
13756	
14095	
14643	
15002	
15785	
17117	
17383	
17734	
18148	
18337	
18611	
19182	
20109	
20505	
22777	
23993	
24564	
24878	
25647	
26240	
26600	
27799	
29566	
30105	
30455	
30741	
31046	
33288	
35143	
35219	
35522	
36014	
37207	
37582	
40520	
41510	
41858	
42315	
42794	
43216	
43544	
43830	
44271	
45484	
46021	
46637	
47115	
47776	
48221	
48360	
48689	
48894	
49240	
50037	
50594	
51145	
51538	
52494	
56673	
57788	
58388	
58713	
59190	
59641	
60280	
61132	
65864	
66688	
67093	
67645	
68893	
69345	
69680	
70191	
70590	
74139	
75752	
75849	
76353	
76468	
77023	
77207	
77319	
77918	
78603	
78885	
79255	
79325	
79805	
80011	
80681	
80862	
80870	
80989	
81464	
82047	
82859	
83066	
83171	
83555	
83790	
84267	
84627	
84645	
84724	
85328	
86160	
86570	
86852	
86925	
87172	
87428	
88052	
88283	
88374	
88510	
89798	
90764	
91420	
91519	
91691	
91726	
92072	
92358	
92866	
93284	
93291	
93404	
93765	
94314	
94829	
95264	
95356	
95949	
96062	
96576	
97098	
97522	
98883	
99635	
99694	
99863	
100023	
100033	
100441	
100784	
101470	
101706	
101734	
101848	
102788	
103654	
104485	
104742	
104860	
105281	
105564	
106119	
106431	
106644	
106799	
107134	
107640	
108251	
108476	
108879	
109027	
109722	
109741	
110491	
110561	
110620	
110710	
111194	
111913	
112220	
112729	
112762	
113220	
113533	
114133	
114498	
114575	
114713	
115374	
115801	
116041	
116109	
116693	
116764	
117431	
117726	
117751	
117878	
118737	
119555	
119760	
119835	
120202	
120439	
121052	
121314	
121449	
121797	
122247	
122611	
123019	
123072	
123688	
123848	
124590	
124756	
124826	
124946	
126263	
126559	
126850	
126906	
127538	
127688	
128231	
128609	
128728	
129412	
130510	
131606	
131957	
132008	
132391	
132687	
133077	
133475	
133539	
133778	
134173	
134580	
135108	
135434	
135539	
136095	
136297	
136886	
137309	
137330	
137475	
138786	
139177	
139229	
139676	
139934	
140321	
140731	
140969	
141431	
141708	
141772	
142125	
142457	
143097	
143327	
143485	
144168	
144745	
145216	
145544	
145576	
146071	
146196	
146828	
147246	
147341	
147713	
148813	
150392	
151577	
151702	
151959	
152044	
152057	
152720	
152848	
153634	
154004	
154019	
154243	
154484	
154576	
155100	
155180	
155689	
156055	
156060	
156157	
157002	
157736	
158515	
158766	
158795	
158802	
159286	
159541	
160243	
160476	
160550	
160805	
161446	
161928	
162542	
162729	
162889	
163421	
163532	
163909	
164223	
164296	
164444	
164959	
166078	
166979	
167361	
167424	
168046	
168132	
168830	
169160	
169351	
169988	
170672	
170742	
171191	
171469	
172290	
172438	
172634	
173383	
173981	
174698	
175038	
175184	
175553	
175868	
176321	
176864	
177137	
177920	
178121	
178168	
178688	
178828	
179601	
179892	
180315	
181215	
182710	
183928	
184187	
184591	
185197	
185656	
185848	
186242	
186617	
187044	
188373	
189299	
189504	
190230	
190619	
191113	
192880	
194526	
194642	
194811	
195075	
195498	
195614	
195990	
196509	
197107	
197472	
199613	
201082	
201717	
202588	
203040	
203260	
203506	
203909	
204993	
205746	
206368	
207813	
208149	
212067	
212613	
213330	
214490	
215404	
216063	
216296	
216470	
217026	
217450	
218343	
221821	
222380	
222717	
223066	
223403	
224509	
224906	
227148	
227766	
228275	
228649	
229467	
229845	
230551	
231122	
231835	
233146	
234447	
235327	
236403	
238216	
238916	
239416	
239960	
240616	
241096	
241308	
241641	
241881	
244153	
245974	
246350	
246759	
247059	
247720	
248061	
248401	
249046	
249275	
251732	
252183	
252597	
252937	
253263	
253450	
254198	
254664	
255185	
257021	
257996	
258261	
259079	
260399	
261405	
264735	
267461	
267780	
267930	
268110	
268475	
269022	
270682	
271308	
271503	
271909	
272207	
272479	
272889	
273096	
273676	
274793	
275282	
275644	
275836	
276223	
276828	
277180	
278697	
280465	
280685	
280941	
281268	
281536	
281763	
281980	
282237	
285309	
286239	
286613	
287020	
287275	
287945	
288129	
288545	
291573	
292665	
293238	
294181	
294571	
294968	
295158	
295589	
295941	
298295	
299529	
299859	
300080	
300789	
301345	
302089	
302881	
303826	
304368	
306948	
307265	
307752	
308363	
308611	
309001	
311937	
313038	
313582	
314046	
314740	
315427	
315594	
315896	
316721	
317391	
320845	
321348	
321773	
322003	
322480	
322916	
323198	
323507	
324062	
324761	
325050	
326546	
327998	
328486	
328980	
329527	
330102	
330349	
330656	
331053	
333515	
334537	
334993	
335893	
336870	
337314	
337393	
337720	
338262	
338900	
339586	
339732	
340156	
341025	
341391	
343765	
344628	
344932	
345309	
345598	
345993	
346324	
346901	
347465	
351917	
352756	
353271	
353813	
354415	
355011	
355442	
355944	
356722	
357095	
359716	
361429	
362201	
363154	
363849	
364055	
364816	
365264	
367314	
368507	
369280	
370541	
372174	
372819	
373838	
374877	
375530	
375929	
376122	
376468	
376883	
377202	
379526	
379974	
380173	
380653	
380875	
381424	
382197	
383307	
383680	
383898	
384584	
384979	
386220	
387115	
388499	
390410	
391323	
395973	
396967	
397291	
397395	
397720	
398450	
398928	
400419	
401699	
402066	
402668	
403184	
403299	
403639	
404098	
404708	
405186	
407059	
408122	
410252	
411958	
412120	
412306	
412646	
412991	
413264	
414095	
414455	
414662	
415356	
416402	
416718	
418965	
420483	
421024	
421367	
421590	
421882	
422512	
422552	
423026	
423648	
424580	
425438	
429229	
431524	
432218	
432784	
433923	
434755	
435461	
436089	
436362	
436728	
437296	
439628	
441065	
441437	
441753	
442186	
442393	
442585	
442821	
443192	
443657	
445180	
445947	
446722	
447217	
447505	
450739	
451908	
452462	
453459	
454263	
454981	
455624	
456161	
456350	
456676	
457215	
458963	
459689	
463337	
464288	
464911	
465525	
466003	
466379	
466818	
467301	
471304	
472310	
472726	
473134	
473970	
474375	
474674	
475555	
476220	
477802	
478757	
479234	
479793	
480612	
480811	
481126	
481485	
481868	
485313	
485904	
486301	
486744	
487696	
488217	
488902	
489426	
489764	
492468	
493056	
493453	
493844	
495003	
495604	
496138	
496797	
497327	
498292	
499863	
501519	
501853	
502606	
504159	
504943	
507761	
509722	
509955	
510352	
511371	
512856	
514720	
517023	
517707	
518475	
519458	
520410	
520573	
520926	
521261	
521639	
523659	
524283	
524751	
525823	
526608	
528523	
529077	
529530	
529826	
530269	
530654	
530838	
531139	
534046	
535658	
536082	
536473	
536659	
537338	
537868	
538136	
540248	
540705	
540855	
540880	
541380	
541661	
541771	
542074	
542318	
542637	
544819	
545291	
545388	
545531	
545761	
546218	
546541	
548443	
549352	
549836	
550063	
550647	
550850	
551143	
551354	
551457	
551674	
552024	
552676	
553250	
553710	
554246	
554614	
555316	
555645	
556136	
559246	
560754	
561349	
561622	
563862	
566030	
566578	
567797	
568286	
568796	
569338	
569609	
569939	
573232	
573708	
574168	
574578	
575319	
575474	
575664	
576085	
576929	
577586	
579033	
581893	
582943	
583118	
583501	
583933	
584252	
584677	
584939	
585311	
585576	
585933	
587906	
588672	
588956	
589336	
589621	
589667	
591917	
592285	
592527	
592973	
593683	
594735	
595546	
595738	
596171	
596391	
597771	
598643	
601675	
604195	
605593	
607119	
607614	
608475	
609429	
610661	
611022	
611595	
612147	
612618	
613007	
613131	
613304	
613536	
615477	
616074	
616552	
617179	
618538	
619013	
619439	
620507	
620792	
622994	
623544	
623826	
624280	
624758	
625434	
625619	
627784	
628326	
628808	
629259	
629569	
632101	
632739	
632970	
633429	
634382	
634897	
635377	
635557	
635819	
635959	
636653	
637303	
639687	
642143	
642529	
643129	
643698	
644091	
644412	
648638	
649131	
649405	
649738	
650382	
652410	
654438	
654846	
655136	
657032	
657530	
658312	
659119	
659178	
659327	
661048	
662474	
662653	
662992	
663421	
663737	
663832	
665287	
665878	
669676	
670813	
671277	
672891	
674106	
674605	
677381	
678671	
679454	
679991	
680401	
680820	
681312	
682038	
682330	
682702	
683197	
683574	
685290	
686818	
687077	
688396	
689744	
690010	
690347	
690815	
691302	
691550	
691607	
693763	
694282	
694727	
695006	
695561	
697870	
698388	
698585	
698959	
699544	
700565	
701816	
702735	
703141	
703784	
707844	
709546	
710216	
710790	
711015	
711658	
712538	
712898	
713431	
714013	
715932	
716125	
716228	
716546	
716823	
717009	
717337	
718363	
718807	
719339	
719661	
720292	
720645	
720755	
720975	
721412	
722303	
723256	
724854	
726598	
727158	
727476	
728887	
730147	
730540	
731068	
731641	
732008	
732900	
733298	
735369	
736666	
738593	
739273	
739792	
740104	
740755	
741164	
741509	
741790	
743176	
744577	
744830	
745134	
745597	
748294	
750172	
750595	
751558	
751881	
752732	
753125	
756583	
757692	
758155	
758830	
758996	
759708	
760052	
762336	
763163	
763646	
764319	
764788	
766188	
767123	
767857	
768539	
769262	
771499	
772645	
773159	
773632	
774275	
774540	
776545	
776864	
779088	
780008	
780760	
781710	
781930	
782154	
782357	
783619	
784192	
786717	
787683	
788135	
788582	
789425	
792111	
792861	
793320	
793700	
795053	
796481	
796900	
797822	
798205	
800472	
800954	
801475	
801892	
802525	
802878	
803274	
803634	
804044	
804310	
804625	
804980	
805411	
805760	
806137	
806455	
806977	
807056	
807279	
811241	
811556	
811985	
812308	
812747	
815874	
818553	
819009	
819166	
819321	
820059	
821234	
821953	
822582	
823129	
823906	
824433	
824478	
824769	
825024	
825518	
825721	
828684	
830059	
830489	
830905	
831091	
834984	
835572	
836064	
836336	
837021	
837327	
838087	
838965	
841096	
842146	
842686	
843300	
843705	
848581	
849234	
849774	
850735	
851226	
853248	
854002	
854392	
854803	
855788	
859256	
859862	
860232	
861153	
861959	
862802	
865277	
867695	
868230	
868997	
870169	
871038	
871958	
872565	
872845	
875877	
878800	
879240	
882709	
883373	
884103	
884412	
884949	
885446	
885902	
887756	
889236	
889659	
890537	
891358	
894418	
895067	
895435	
895743	
896357	
896812	
896964	
902004	
902600	
903300	
903787	
903856	
904265	
904673	
906981	
908118	
908737	
909505	
909791	
909925	
910959	
911989	
912866	
913496	
913927	
914234	
914537	
914988	
915367	
915696	
915905	
916496	
916984	
917728	
918153	
920814	
921346	
921757	
922225	
922985	
923470	
923632	
923674	
925373	
926557	
927001	
927381	
927852	
928850	
929477	
930288	
930758	
930917	
931200	
932741	
933285	
935741	
938233	
938399	
938558	
938882	
939094	
939370	
941483	
942442	
942759	
942936	
943017	
943380	
945052	
946655	
947290	
947969	
948900	
949036	
949605	
950836	
951640	
951948	
952327	
954595	
955739	
956199	
957625	
960543	
961114	
961346	
961697	
962144	
962413	
963558	
963790	
964127	
964477	
964994	
965365	
965452	
965649	
967675	
969025	
969297	
969585	
969866	
972934	
973892	
974216	
975489	
975993	
976304	
976642	
977232	
977626	
977893	
978200	
978439	
983332	
984395	
984714	
985236	
986249	
986844	
989985	
992633	
992901	
993191	
993924	
994565	
995964	
996822	
997214	
998011	
998332	
1000669	
1001348	
1001747	
1003406	
1004196	
1005951	
1007538	
1008220	
1008504	
1009153	
1009577	
1010647	
1011003	
1011246	
1011631	
1012343	
1012856	
1013129	
1013389	
1013634	
1014166	
1014834	
1017288	
1017826	
1018036	
1018163	
1018919	
1020703	
1021975	
1022136	
1022460	
1025994	
1026866	
1027385	
1027722	
1029475	
1030167	
1030633	
1031496	
1033826	
1034825	
1035136	
1035795	
1036293	
1036913	
1037254	
1037796	
1039883	
1041407	
1042196	
1042632	
1042768	
1043110	
1044075	
1045165	
1045695	
1046232	
1046330	
1046681	
1049598	
1050084	
1050626	
1050921	
1051145	
1051267	
1052076	
1052612	
1053476	
1053902	
1056708	
1059630	
1059978	
1060534	
1060827	
1065665	
1066253	
1066373	
1066384	
1066730	
1067830	
1068418	
1070072	
1071996	
1072555	
1072952	
1073236	
1074188	
1074718	
1078141	
1080112	
1082628	
1083713	
1084257	
1084648	
1085020	
1085627	
1085847	
1087116	
1087955	
1088173	
1089923	
1091021	
1091211	
1091587	
1091877	
1092442	
1095198	
1097786	
1098334	
1098992	
1099415	
1099943	
1100665	
1101267	
1101559	
1101687	
1102422	
1104370	
1105981	
1108969	
1110514	
1110765	
1111251	
1111960	
1112357	
1113006	
1113543	
1114883	
1115309	
1116947	
1117231	
1120047	
1120542	
1120716	
1121126	
1121860	
1123200	
1123812	
1124999	
1125731	
1127377	
1128475	
1128659	
1129054	
1129276	
1129665	
1133008	
1133964	
1134608	
1135294	
1136067	
1136428	
1139086	
1140371	
1140734	
1141130	
1143090	
1144568	
1144941	
1145222	
1145343	
1145546	
1145976	
1146788	
1147755	
1148910	
1149978	
1152214	
1152729	
1153202	
1153376	
1154774	
1156146	
1156518	
1157000	
1157485	
1157986	
1158872	
1159624	
1164771	
1165850	
1166089	
1166665	
1167484	
1168709	
1171687	
1173242	
1173367	
1174499	
1175272	
1177068	
1178501	
1179251	
1180368	
1181708	
1182170	
1185296	
1187219	
1187533	
1187744	
1189977	
1191097	
1191695	
1192235	
1192869	
1193111	
1193815	
1195577	
1196005	
1197812	
1199587	
1199796	
1199999	
1200508	
1201359	
1201750	
1202244	
1202603	
1203098	
1204070	
1204080	
1206183	
1207754	
1208145	
1208491	
1208932	
1209359	
1213529	
1214030	
1214502	
1215100	
1215741	
1218204	
1218987	
1219386	
1219582	
1219977	
1221489	
1222854	
1223474	
1224028	
1224803	
1226998	
1228454	
1228792	
1229328	
1229596	
1230488	
1230813	
1232934	
1234181	
1234507	
1234932	
1235266	
1238661	
1239470	
1239957	
1240559	
1242225	
1242729	
1243061	
1243641	
1244293	
1245088	
1246142	
1246745	
1247402	
1247944	
1251098	
1254531	
1256287	
1257195	
1257823	
1258286	
1258888	
1261275	
1262252	
1262311	
1262595	
1265486	
1266229	
1266632	
1267052	
1267215	
1267408	
1270380	
1270886	
1271186	
1272150	
1272417	
1273447	
1273753	
1276052	
1278000	
1278608	
1278871	
1279267	
1279611	
1279963	
1280759	
1281917	
1283063	
1283614	
1284360	
1285630	
1286113	
1286259	
1286286	
1289421	
1289891	
1290298	
1290715	
1291260	
1291446	
1292544	
1293367	
1296516	
1297081	
1297565	
1298301	
1301082	
1302154	
1302644	
1302772	
1304167	
1305538	
1306368	
1307051	
1307936	
1308542	
1308955	
1309313	
1309626	
1310634	
1311184	
1311579	
1312078	
1313242	
1313599	
1314032	
1314295	
1314919	
1315318	
1315625	
1319364	
1320648	
1320986	
1321240	
1323690	
1324997	
1325478	
1326302	
1326897	
1327204	
1327630	
1329252	
1330222	
1330409	
1330446	
1330588	
1330714	
1330732	
1331052	
1332930	
1334521	
1334666	
1334752	
1334982	
1335155	
1336830	
1337083	
1337313	
1337826	
1338512	
1339716	
1340004	
1340086	
1340164	
1340326	
1340689	
1341390	
1341839	
1343979	
1345155	
1345369	
1345559	
1345570	
1345639	
1345913	
1346272	
1347429	
1348154	
1348628	
1349064	
1350098	
1350675	
1350794	
1351292	
1352004	
1352361	
1353185	
1353318	
1353525	
1353748	
1355927	
1357369	
1357738	
1358264	
1358341	
1358343	
1358527	
1358725	
1359060	
1359727	
1360075	
1360447	
1360579	
1361004	
1361237	
1361603	
1363381	
1364591	
1364852	
1365080	
1365191	
1365432	
1365520	
1365886	
1366208	
1367123	
1367857	
1368377	
1368654	
1369062	
1370302	
1371359	
1371581	
1371806	
1371902	
1372087	
1372437	
1374359	
1375806	
1375970	
1376146	
1376214	
1376475	
1376706	
1377426	
1378351	
1378870	
1378910	
1379249	
1379749	
1381503	
1382385	
1382767	
1382798	
1382845	
1383037	
1383688	
1384433	
1384834	
1386913	
1387403	
1387517	
1387542	
1387901	
1388522	
1388842	
1389205	
1389358	
1389628	
1392478	
1393009	
1393308	
1393602	
1393813	
1394039	
1394129	
1394199	
1394534	
1394856	
1396516	
1398167	
1398468	
1398671	
1398971	
1399035	
1399402	
1399696	
1400124	
1400375	
1400445	
1400566	
1400830	
1403698	
1404483	
1404906	
1405341	
1405421	
1405479	
1405638	
1406107	
1408715	
1410420	
1410740	
1411466	
1412306	
1412554	
1413925	
1415182	
1415538	
1415680	
1415851	
1416406	
1416780	
1417297	
1418885	
1420228	
1420452	
1420845	
1421468	
1423129	
1424121	
1424296	
1424394	
1424655	
1426122	
1427671	
1427783	
1427894	
1428248	
1428837	
1428916	
1429298	
1429562	
1429999	
1432362	
1432860	
1432969	
1433083	
1433178	
1434608	
1435173	
1435582	
1435673	
1435935	
1436699	
1437099	
1437646	
1438160	
1438452	
1438763	
1439099	
1442235	
1442955	
1443146	
1443293	
1443857	
1444438	
1445650	
1446749	
1447164	
1447325	
1447675	
1448822	
1449795	
1450015	
1450424	
1450891	
1452408	
1453410	
1453658	
1454410	
1454687	
1456390	
1457196	
1457364	
1457842	
1458146	
1459983	
1461255	
1461521	
1461935	
1462249	
1462348	
1462552	
1463557	
1464548	
1464811	
1465081	
1465285	
1465420	
1465498	
1465708	
1465740	
1465779	
1466045	
1466625	
1467230	
1468519	
1469147	
1469233	
1469534	
1469838	
1474513	
1474825	
1474986	
1475098	
1475454	
1475904	
1476520	
1476846	
1476932	
1477031	
1477373	
1477908	
1478662	
1480860	
1483079	
1483109	
1483497	
1483855	
1484139	
1485847	
1487059	
1487073	
1487170	
1487458	
1487919	
1491281	
1491928	
1492140	
1492334	
1492928	
1493239	
1495684	
1496204	
1496489	
1496739	
1497995	
1498042	
1498421	
1498836	
1499241	
1501659	
1502978	
1503133	
1503780	
1504654	
1505308	
1506812	
1507517	
1507831	
1508441	
1508921	
1509353	
1510789	
1511351	
1511726	
1512095	
1512482	
1513247	
1513617	
1513973	
1514636	
1514986	
1515341	
1515621	
1515676	
1515696	
1516093	
1516389	
1516723	
1518198	
1519366	
1519634	
1520023	
1520684	
1521607	
1521720	
1522314	
1522448	
1523180	
1523543	
1525060	
1525952	
1526176	
1526915	
1527267	
1528561	
1529235	
1529301	
1529585	
1530540	
1531004	
1532063	
1532462	
1532762	
1533282	
1533760	
1534142	
1535212	
1536241	
1536438	
1536949	
1537997	
1538256	
1538769	
1539706	
1540146	
1542084	
1542894	
1543006	
1543565	
1543860	
1547026	
1547667	
1547786	
1548127	
1548943	
1549068	
1549298	
1549604	
1551256	
1552582	
1552793	
1552864	
1552923	
1553074	
1553635	
1554108	
1555860	
1556538	
1557100	
1558050	
1558771	
1559132	
1559251	
1559890	
1560289	
1561511	
1562137	
1562543	
1563805	
1564224	
1565281	
1566248	
1566395	
1567077	
1567511	
1568736	
1569809	
1570056	
1570567	
1570836	
1572306	
1572360	
1572712	
1573439	
1573973	
1576209	
1576892	
1578609	
1579325	
1579837	
1580021	
1580605	
1581202	
1581404	
1581503	
1581791	
1582256	
1582705	
1583337	
1583742	
1583845	
1584454	
1585279	
1585424	
1585675	
1586141	
1586546	
1586618	
1586732	
1587469	
1587790	
1588477	
1588698	
1588854	
1589159	
1590601	
1591078	
1591154	
1591363	
1591824	
1592234	
1593217	
1593695	
1593968	
1594285	
1594674	
1595882	
1596027	
1596091	
1596694	
1597314	
1597837	
1598391	
1599362	
1599653	
1600037	
1600585	
1600925	
1602414	
1602739	
1602960	
1603465	
1604011	
1607347	
1608268	
1608636	
1608796	
1609117	
1609237	
1609319	
1609578	
1609941	
1610618	
1611749	
1612078	
1612320	
1612405	
1612691	
1612994	
1613965	
1614623	
1614824	
1615076	
1615465	
1615730	
1617628	
1618017	
1618408	
1618619	
1618826	
1618936	
1619388	
1620174	
1620958	
1621218	
1621427	
1621636	
1622047	
1623143	
1623314	
1623914	
1624681	
1625373	
1625774	
1626105	
1626455	
1627107	
1628557	
1628899	
1628959	
1629397	
1630473	
1630802	
1631668	
1632255	
1632377	
1632408	
1632541	
1633225	
1634724	
1635166	
1635241	
1635472	
1636101	
1638207	
1640160	
1640221	
1640341	
1640754	
1641587	
1641756	
1642001	
1642564	
1642862	
1643525	
1643586	
1643791	
1644248	
1645794	
1646528	
1647882	
1649546	
1649652	
1649784	
1649846	
1650460	
1651283	
1651578	
1651649	
1651687	
1652209	
1652844	
1653339	
1653546	
1654385	
1654475	
1654782	
1655185	
1656482	
1657112	
1657997	
1658492	
1658846	
1659599	
1660390	
1660949	
1661826	
1662494	
1662503	
1662557	
1662851	
1663056	
1664026	
1664344	
1664496	
1664570	
1664980	
1666356	
1666601	
1666724	
1667065	
1667443	
1668241	
1669142	
1669404	
1669664	
1670257	
1671648	
1672124	
1672306	
1673515	
1675160	
1675619	
1675912	
1676056	
1676583	
1677192	
1677535	
1677955	
1678641	
1679818	
1680138	
1681629	
1682632	
1682699	
1682704	
1682930	
1683387	
1684085	
1685517	
1685793	
1686073	
1686901	
1689877	
1690179	
1690341	
1690409	
1690522	
1690961	
1691317	
1693721	
1694713	
1695009	
1695267	
1695545	
1695769	
1696131	
1698691	
1698913	
1698992	
1699259	
1699506	
1699717	
1700195	
1700742	
1701577	
1702296	
1702472	
1703075	
1703592	
1703820	
1703838	
1704002	
1704251	
1705708	
1706461	
1706529	
1706743	
1707525	
1707891	
1708011	
1708483	
1708932	
1710620	
1711030	
1711633	
1712156	
1712526	
1712870	
1712956	
1713178	
1713688	
1714198	
1715760	
1715867	
1716029	
1716469	
1717016	
1720436	
1722238	
1722291	
1722624	
1723972	
1724414	
1724443	
1724451	
1724498	
1725063	
1725516	
1726117	
1726878	
1727072	
1727200	
1727224	
1727238	
1727461	
1727785	
1730612	
1730875	
1731120	
1731143	
1731405	
1733927	
1734598	
1734841	
1735026	
1735224	
1735423	
1735751	
1735956	
1738240	
1739488	
1739530	
1739723	
1740150	
1742133	
1742574	
1742648	
1743649	
1744423	
1744647	
1744977	
1745243	
1748432	
1748767	
1749148	
1749507	
1749777	
1749895	
1750263	
1750474	
1750634	
1750900	
1751201	
1752692	
1754326	
1754675	
1754805	
1755312	
1755569	
1757049	
1757938	
1758148	
1758192	
1758392	
1758605	
1759104	
1761028	
1762644	
1762925	
1763345	
1765456	
1766449	
1766567	
1766608	
1767708	
1768082	
1768541	
1769246	
1769678	
1769705	
1769883	
1770218	
1772664	
1773574	
1773906	
1774288	
1774702	
1774829	
1774851	
1774933	
1775099	
1775239	
1775254	
1775275	
1775358	
1775408	
1775450	
1775767	
1776743	
1778425	
1778874	
1779487	
1780170	
1781039	
1783326	
1785217	
1785555	
1786063	
1786760	
1787539	
1788015	
1789086	
1789502	
1789949	
1790946	
1791377	
1793644	
1795153	
1795456	
1796418	
1796808	
1799782	
1800094	
1800590	
1801019	
1801565	
1802094	
1802477	
1802724	
1803014	
1804131	
1805134	
1805428	
1805702	
1806171	
1806612	
1806947	
1807182	
1807790	
1808784	
1809233	
1809600	
1811418	
1811838	
1812956	
1814153	
1814787	
1815631	
1816433	
1816870	
1817580	
1818128	
1818361	
1820475	
1822584	
1823216	
1823441	
1823763	
1824500	
1825981	
1826443	
1829047	
1829903	
1830335	
1831207	
1832628	
1833275	
1836356	
1837015	
1837615	
1838686	
1839636	
1840916	
1841751	
1844600	
1845466	
1846153	
1847298	
1848059	
1848572	
1849519	
1851246	
1852012	
1853598	
1855593	
1855783	
1856442	
1857312	
1860710	
1861687	
1862136	
1862254	
1863374	
1864299	
1866278	
1867155	
1867529	
1868327	
1869385	
1869650	
1870125	
1870419	
1870889	
1872929	
1874405	
1874732	
1874961	
1875290	
1876060	
1876820	
1879120	
1879576	
1880332	
1881308	
1882882	
1883050	
1883341	
1884404	
1885675	
1888477	
1889715	
1890403	
1891023	
1891793	
1893008	
1893794	
1894901	
1896459	
1896864	
1899097	
1900410	
1900840	
1901328	
1902781	
1904783	
1905765	
1908633	
1909470	
1909923	
1910226	
1910854	
1911481	
1912053	
1913267	
1914746	
1915287	
1916251	
1916938	
1918973	
1920000	
1920383	
1921062	
1922056	
1923131	
1923685	
1925626	
1926890	
1927286	
1928088	
1929912	
1930478	
1932755	
1933718	
1934225	
1934784	
1934875	
1935275	
1935819	
1936199	
1936520	
1936883	
1937101	
1937381	
1937955	
1938358	
1938991	
1939192	
1939615	
1940236	
1940398	
1940516	
1940753	
1941134	
1941306	
1941586	
1942205	
1942776	
1943191	
1943472	
1943994	
1944245	
1945484	
1945962	
1946460	
1947185	
1947975	
1948170	
1948688	
1948841	
1949136	
1949624	
1949944	
1950075	
1950826	
1951388	
1951736	
1952935	
1953303	
1953995	
1954303	
1954601	
1955254	
1955660	
1956016	
1956343	
1956613	
1957232	
1957548	
1957813	
1958460	
1959256	
1959499	
1959830	
1960427	
1960999	
1961452	
1961952	
1962470	
1962734	
1963000	
1963419	
1963871	
1964096	
1964351	
1964705	
1964954	
1965847	
1967903	
1969227	
1969487	
1969673	
1970144	
1970899	
1971442	
1971802	
1972226	
1972561	
1973132	
1974069	
1974636	
1975034	
1975321	
1976340	
1977578	
1977798	
1977944	
1978472	
1979020	
1979355	
1979561	
1980122	
1980292	
1980320	
1980976	
1981339	
1983041	
1983822	
1984513	
1984986	
1985256	
1985851	
1986389	
1986633	
1987599	
1987882	
1988287	
1989121	
1989574	
1989985	
1990424	
1990973	
1991180	
1991478	
1991669	
1991756	
1992171	
1993032	
1993867	
1995417	
1996115	
1996163	
1996649	
1998256	
1998886	
1999079	
1999559	
2000256	
2000592	
2000885	
2001631	
2002879	
2003256	
2004067	
2004360	
2004542	
2005231	
2006219	
2006486	
2006606	
2006731	
2007294	
2007731	
2008581	
2008892	
2009535	
2009905	
2011475	
2011931	
2012091	
2012120	
2012171	
2012710	
2012859	
2013066	
2013520	
2013974	
2014318	
2014645	
2014737	
2015223	
2016116	
2016479	
2016781	
2017351	
2017767	
2017842	
2018008	
2018457	
2020147	
2021033	
2021136	
2021189	
2022472	
2023097	
2023890	
2025407	
2025773	
2025956	
2026210	
2026484	
2027419	
2028451	
2028599	
2029119	
2030443	
2031071	
2031710	
2032210	
2032622	
2033348	
2033465	
2034118	
2034605	
2035232	
2035764	
2035967	
2036672	
2037403	
2037947	
2038652	
2038697	
2039301	
2039529	
2039542	
2039548	
2039644	
2040078	
2040268	
2040428	
2040631	
2040716	
2041111	
2041340	
2041767	
2042827	
2043136	
2043391	
2043695	
2044561	
2045246	
2045761	
2046435	
2047223	
2047493	
2047720	
2048790	
2049381	
2049816	
2049979	
2050259	
2050828	
2051261	
2051542	
2051713	
2052059	
2052478	
2052664	
2053469	
2054029	
2054298	
2055139	
2055662	
2056216	
2056467	
2056859	
2057207	
2057938	
2058917	
2059033	
2059344	
2059402	
2059442	
2060159	
2060851	
2061107	
2062157	
2062484	
2062820	
2063409	
2064706	
2065037	
2065878	
2066542	
2067404	
2067644	
2068130	
2068516	
2069770	
2070679	
2070920	
2071011	
2071116	
2071723	
2072359	
2072696	
2073385	
2073868	
2074755	
2075554	
2075807	
2076122	
2076456	
2077876	
2078685	
2079027	
2079314	
2080190	
2080581	
2080614	
2080618	
2081193	
2081583	
2082029	
2082274	
2082591	
2083650	
2084378	
2084942	
2085329	
2085678	
2087014	
2088062	
2088529	
2089070	
2089445	
2089483	
2089517	
2090180	
2090995	
2091095	
2091395	
2091839	
2093530	
2095225	
2095546	
2095644	
2096277	
2096507	
2096755	
2097030	
2097677	
2098395	
2098686	
2098743	
2099044	
2099419	
2100775	
2101420	
2101555	
2101764	
2102147	
2102911	
2103418	
2103491	
2103516	
2104915	
2105674	
2105791	
2106147	
2106664	
2106923	
2107061	
2107295	
2107462	
2107508	
2108377	
2108673	
2108979	
2109247	
2111066	
2111289	
2111643	
2112146	
2113376	
2113681	
2113781	
2113835	
2114014	
2114837	
2115405	
2115985	
2116168	
2116349	
2116724	
2116784	
2117228	
2117856	
2118178	
2118306	
2118370	
2118605	
2120091	
2120686	
2120720	
2121357	
2122260	
2122684	
2122716	
2122739	
2122744	
2123574	
2123774	
2123864	
2124199	
2124803	
2125348	
2125392	
2125701	
2128436	
2129107	
2129318	
2129701	
2130336	
2130839	
2130895	
2131385	
2131557	
2131657	
2131908	
2132157	
2132788	
2133026	
2133153	
2133570	
2133742	
2133990	
2134583	
2134822	
2134993	
2135634	
2136037	
2136338	
2136456	
2136934	
2137377	
2137569	
2138716	
2139267	
2139917	
2140006	
2140725	
2141403	
2141912	
2142319	
2142541	
2142838	
2143878	
2144837	
2144884	
2144979	
2146147	
2147075	
2147554	
2147950	
2148194	
2148843	
2148941	
2149424	
2150067	
2150223	
2150436	
2150680	
2150904	
2151302	
2151343	
2151498	
2151594	
2151741	
2151873	
2151963	
2152083	
2152508	
2154727	
2155460	
2155778	
2156212	
2156371	
2156649	
2156740	
2156786	
2156840	
2157338	
2157580	
2157683	
2158434	
2159205	
2159546	
2159979	
2160480	
2163195	
2165141	
2165482	
2165631	
2165907	
2166069	
2166715	
2167513	
2168477	
2169067	
2169818	
2170541	
2170927	
2171249	
2172906	
2173956	
2174328	
2174403	
2174529	
2175152	
2175405	
2175616	
2175705	
2175808	
2175990	
2176480	
2176995	
2177405	
2179862	
2180341	
2180741	
2181095	
2181802	
2182349	
2182703	
2182887	
2183617	
2185110	
2185648	
2186026	
2186775	
2187814	
2188066	
2188186	
2188507	
2189267	
2189906	
2190292	
2190811	
2191184	
2191646	
2192064	
2192543	
2193360	
2193910	
2194377	
2195710	
2196580	
2197238	
2198070	
2198779	
2199232	
2200069	
2200438	
2201365	
2201738	
2202332	
2202670	
2202867	
2203249	
2203413	
2203726	
2204773	
2206011	
2206318	
2206592	
2207134	
2207394	
2207727	
2208022	
2208483	
2209145	
2209351	
2209687	
2209909	
2210234	
2214590	
2215018	
2215457	
2215670	
2216239	
2216577	
2216825	
2217088	
2217598	
2217853	
2219531	
2220318	
2220710	
2221112	
2221585	
2222102	
2222517	
2222673	
2223961	
2225059	
2226242	
2226749	
2227139	
2227903	
2228334	
2228691	
2230680	
2231166	
2231469	
2231862	
2232468	
2232655	
2233000	
2233363	
2234191	
2235279	
2236118	
2236292	
2236604	
2237146	
2238619	
2239293	
2239788	
2240660	
2241190	
2241431	
2241812	
2242129	
2242634	
2243268	
2243719	
2245662	
2247726	
2248103	
2248471	
2249064	
2249820	
2250111	
2250360	
2250578	
2250879	
2251354	
2251838	
2253725	
2254254	
2254611	
2254876	
2255646	
2255916	
2256233	
2256547	
2256951	
2258364	
2259926	
2260334	
2260973	
2261691	
2262057	
2262171	
2262472	
2263401	
2263972	
2264047	
2264470	
2265100	
2265550	
2265961	
2266516	
2266694	
2267335	
2268155	
2268550	
2270103	
2270762	
2271030	
2271415	
2271926	
2272125	
2272447	
2273342	
2273497	
2273659	
2273986	
2274189	
2274577	
2276022	
2277400	
2277787	
2278281	
2278911	
2279278	
2279655	
2279886	
2280399	
2281362	
2282127	
2282523	
2282733	
2282991	
2283543	
2283963	
2284735	
2285494	
2288753	
2289611	
2290437	
2291198	
2292317	
2292811	
2293529	
2294380	
2295431	
2296475	
2297005	
2297400	
2297896	
2298079	
2298192	
2298589	
2299117	
2299345	
2301583	
2302416	
2302780	
2303240	
2303601	
2303820	
2304024	
2304265	
2304653	
2304982	
2307656	
2308893	
2309381	
2309648	
2310312	
2310903	
2311403	
2311658	
2312144	
2312312	
2312890	
2313452	
2313789	
2314417	
2319295	
2320211	
2320570	
2320935	
2321619	
2321984	
2322403	
2322629	
2322909	
2323411	
2323574	
2323717	
2324131	
2324611	
2325277	
2326728	
2328257	
2328610	
2329118	
2329557	
2330254	
2330469	
2330773	
2331528	
2331903	
2332149	
2332653	
2333256	
2334024	
2336004	
2337441	
2338063	
2338815	
2339824	
2340043	
2340199	
2340604	
2340771	
2341009	
2341294	
2341744	
2342149	
2342401	
2342685	
2343032	
2343430	
2344483	
2344724	
2345087	
2345685	
2346077	
2346967	
2347602	
2347934	
2348560	
2348892	
2349136	
2351377	
2352174	
2352475	
2352961	
2353255	
2353586	
2353900	
2354212	
2354556	
2355552	
2356284	
2356848	
2357295	
2358296	
2358513	
2358588	
2358691	
2358822	
2359151	
2359725	
2360156	
2362021	
2363731	
2364102	
2364533	
2365010	
2365443	
2365854	
2366213	
2366765	
2367000	
2367352	
2367999	
2368338	
2369154	
2369703	
2370046	
2370426	
2370895	
2371203	
2371381	
2371927	
2372694	
2373207	
2373722	
2376912	
2377489	
2377982	
2378336	
2379146	
2379726	
2380239	
2380507	
2380983	
2381969	
2382500	
2382801	
2383440	
2384287	
2385585	
2387225	
2388206	
2388581	
2389396	
2390111	
2390674	
2391113	
2391511	
2391739	
2392912	
2393305	
2393815	
2394377	
2394865	
2395267	
2395701	
2396096	
2397170	
2397578	
2399942	
2401495	
2401866	
2402501	
2403067	
2403728	
2404226	
2404539	
2405038	
2405517	
2405885	
2406326	
2406663	
2408106	
2409391	
2409853	
2410086	
2410712	
2411112	
2411342	
2411594	
2411886	
2412128	
2412684	
2413790	
2414210	
2416199	
2417133	
2417404	
2417756	
2418136	
2418538	
2420539	
2422152	
2422644	
2423007	
2423349	
2423745	
2423900	
2424266	
2424822	
2425168	
2428083	
2428680	
2429090	
2429791	
2430250	
2430855	
2431024	
2431573	
2432122	
2433318	
2434237	
2435135	
2436350	
2436587	
2437120	
2437856	
2438444	
2438910	
2439185	
2439582	
2440312	
2440717	
2443861	
2444226	
2444574	
2444967	
2445558	
2445999	
2446492	
2447222	
2447517	
2447647	
2447856	
2448100	
2448384	
2451387	
2452410	
2452550	
2452831	
2453167	
2453558	
2453990	
2454394	
2454679	
2455259	
2455761	
2455791	
2455929	
2456375	
2456827	
2457176	
2458823	
2460343	
2460702	
2461099	
2461715	
2462056	
2462340	
2462651	
2463610	
2464703	
2465593	
2465910	
2466847	
2467294	
2467816	
2468160	
2468899	
2469266	
2471420	
2471958	
2472201	
2472728	
2473234	
2473826	
2474067	
2474637	
2475063	
2475418	
2478699	
2479205	
2479507	
2479878	
2480653	
2481065	
2481430	
2481714	
2482260	
2484622	
2485638	
2486250	
2486712	
2487642	
2488294	
2488467	
2489023	
2489876	
2490194	
2491981	
2493968	
2494450	
2494913	
2494933	
2495067	
2495414	
2496008	
2496534	
2499010	
2499523	
2499841	
2500547	
2500946	
2501164	
2502154	
2502565	
2502819	
2505422	
2506767	
2507232	
2507731	
2508301	
2508507	
2508671	
2508880	
2509315	
2510551	
2510884	
2514734	
2516744	
2517322	
2518348	
2518676	
2519044	
2519220	
2519862	
2520357	
2520679	
2521388	
2521982	
2522338	
2522622	
2522866	
2523045	
2523630	
2523901	
2525410	
2526665	
2526981	
2527227	
2527309	
2527633	
2528121	
2528543	
2531149	
2532534	
2533177	
2533688	
2534621	
2535062	
2535513	
2536028	
2536269	
2536442	
2536771	
2537224	
2537565	
2538856	
2539347	
2539863	
2540186	
2541192	
2541565	
2542151	
2542656	
2543194	
2543589	
2544310	
2544634	
2545076	
2545620	
2545910	
2546216	
2546463	
2546666	
2546869	
2547396	
2548134	
2548492	
2549728	
2550539	
2551066	
2551939	
2552526	
2554166	
2555225	
2555543	
2555981	
2556369	
2556824	
2557392	
2557958	
2559473	
2560948	
2561520	
2562100	
2562716	
2563382	
2563814	
2564030	
2564200	
2564577	
2565159	
2565793	
2566817	
2567830	
2568435	
2568973	
2569079	
2569586	
2569776	
2570212	
2570796	
2571346	
2571916	
2572589	
2573559	
2573833	
2574231	
2575068	
2575308	
2575606	
2575740	
2576185	
2576623	
2577090	
2579325	
2580098	
2580589	
2581092	
2582998	
2583371	
2584031	
2584642	
2585133	
2585819	
2586388	
2586779	
2587301	
2588013	
2588668	
2591269	
2592483	
2593139	
2593565	
2594484	
2594909	
2595289	
2595545	
2596382	
2596595	
2597227	
2597679	
2598158	
2599824	
2600317	
2600694	
2600984	
2601165	
2601406	
2601611	
2602101	
2602530	
2602849	
2605497	
2605839	
2606188	
2606929	
2607848	
2608219	
2608619	
2608935	
2609149	
2609724	
2610418	
2610718	
2612052	
2613511	
2613740	
2614149	
2614880	
2615177	
2615398	
2615680	
2615815	
2616564	
2618149	
2618483	
2620220	
2620765	
2621102	
2621527	
2622272	
2622947	
2623162	
2623465	
2624167	
2624581	
2626343	
2627343	
2627746	
2628054	
2628512	
2628961	
2629166	
2629420	
2629679	
2630304	
2631421	
2631707	
2632977	
2633134	
2633324	
2633724	
2634352	
2634627	
2636399	
2637901	
2638366	
2638860	
2639534	
2639969	
2640436	
2640708	
2640805	
2641154	
2641633	
2642183	
2643302	
2643696	
2643987	
2644408	
2644683	
2645103	
2645460	
2645640	
2645763	
2646086	
2646485	
2646744	
2647909	
2648240	
2648543	
2649000	
2649408	
2651598	
2652647	
2652829	
2653383	
2653674	
2654093	
2654518	
2654675	
2654995	
2655209	
2655485	
2655830	
2658557	
2660156	
2660375	
2660859	
2661609	
2662133	
2662549	
2662729	
2663299	
2663954	
2664922	
2665185	
2665586	
2666062	
2667528	
2668454	
2669081	
2669391	
2669756	
2670120	
2670425	
2670855	
2671843	
2672457	
2674843	
2676210	
2676629	
2677353	
2678378	
2678771	
2679303	
2679451	
2679603	
2679959	
2680506	
2680720	
2680955	
2681447	
2681608	
2681946	
2682125	
2682275	
2682705	
2683464	
2684176	
2684905	
2685457	
2685820	
2686273	
2686834	
2687235	
2687822	
2687940	
2688398	
2688739	
2689285	
2689688	
2690432	
2690936	
2691194	
2691807	
2692054	
2692170	
2692349	
2692566	
2692824	
2693102	
2695274	
2696280	
2696592	
2696971	
2697334	
2697741	
2698107	
2698355	
2698642	
2698938	
2699340	
2699527	
2699907	
2702601	
2703095	
2703558	
2703982	
2705144	
2705329	
2705686	
2706242	
2706487	
2707938	
2708774	
2709176	
2709447	
2710275	
2710863	
2711309	
2711553	
2711817	
2712095	
2712581	
2712947	
2714646	
2715199	
2715410	
2715871	
2716522	
2717112	
2717533	
2717566	
2717793	
2718210	
2719135	
2719783	
2721811	
2722202	
2722353	
2722804	
2723399	
2723661	
2723905	
2724131	
2724830	
2725228	
2725576	
2726281	
2727295	
2728283	
2728631	
2729097	
2729809	
2730269	
2730447	
2730820	
2731082	
2731428	
2732965	
2734008	
2734374	
2734836	
2735681	
2735874	
2736352	
2737279	
2738918	
2739970	
2741262	
2741715	
2742256	
2743163	
2744080	
2744286	
2744499	
2745021	
2745628	
2745987	
2746983	
2748071	
2748357	
2748564	
2749011	
2749641	
2749971	
2750572	
2751023	
2751305	
2751810	
2752182	
2752559	
2752816	
2752901	
2753228	
2753794	
2754369	
2755343	
2755895	
2756449	
2757362	
2757620	
2758017	
2758595	
2758757	
2759019	
2759442	
2759959	
2760332	
2760751	
2761117	
2761637	
2764382	
2764611	
2765135	
2765631	
2766365	
2766563	
2766748	
2767046	
2767457	
2767813	
2769202	
2770145	
2770492	
2770782	
2771326	
2771652	
2771895	
2772158	
2772582	
2773976	
2774333	
2774563	
2774855	
2775288	
2775763	
2777763	
2778908	
2779335	
2779634	
2780080	
2780768	
2781117	
2781488	
2782128	
2783188	
2783900	
2784417	
2784677	
2784861	
2785111	
2785853	
2786150	
2789468	
2790209	
2790456	
2790852	
2791346	
2791913	
2792122	
2792407	
2792718	
2793713	
2794208	
2794822	
2795467	
2795881	
2796103	
2796637	
2797241	
2797516	
2799192	
2800220	
2800559	
2800895	
2801683	
2802503	
2802979	
2803369	
2803862	
2804921	
2805537	
2806251	
2806577	
2807340	
2807680	
2808116	
2810555	
2811110	
2811473	
2811951	
2812719	
2813174	
2813467	
2813653	
2814298	
2816237	
2816972	
2817642	
2817896	
2818145	
2818351	
2818724	
2820552	
2821748	
2822135	
2822428	
2822804	
2823065	
2823427	
2823669	
2824796	
2826013	
2826695	
2827295	
2827674	
2827881	
2828471	
2828843	
2829094	
2831274	
2831575	
2832003	
2832408	
2832891	
2833561	
2833775	
2834158	
2834796	
2835841	
2836896	
2837468	
2838193	
2838607	
2838989	
2839636	
2840429	
2840885	
2843101	
2844852	
2845073	
2845645	
2846609	
2847128	
2847507	
2847983	
2848499	
2849972	
2850369	
2850998	
2851420	
2851772	
2852439	
2852777	
2855639	
2857605	
2858031	
2858544	
2859493	
2859862	
2860324	
2861287	
2861705	
2863351	
2864959	
2865227	
2865654	
2866242	
2866772	
2867203	
2867610	
2868224	
2868702	
2869182	
2870100	
2870947	
2871851	
2873954	
2876118	
2876767	
2877417	
2878120	
2878770	
2879383	
2879668	
2880069	
2880479	
2880862	
2882648	
2883274	
2883755	
2884313	
2885052	
2885576	
2885911	
2886365	
2886964	
2888182	
2888809	
2889591	
2890299	
2891527	
2891950	
2892013	
2892421	
2893202	
2893920	
2894205	
2894744	
2895238	
2895334	
2895501	
2895785	
2896317	
2896593	
2897779	
2899112	
2899481	
2899871	
2900130	
2900575	
2900886	
2901103	
2901411	
2901654	
2901857	
2903957	
2905617	
2905950	
2906138	
2906900	
2907369	
2907676	
2908048	
2908667	
2909364	
2910105	
2910624	
2911082	
2911326	
2911697	
2912145	
2912536	
2913963	
2915262	
2915666	
2916459	
2917506	
2917856	
2918222	
2918513	
2918839	
2919118	
2919515	
2919891	
2920381	
2924085	
2924968	
2925355	
2925672	
2926031	
2926590	
2927087	
2927393	
2927847	
2929149	
2930080	
2930488	
2931084	
2932455	
2932818	
2932920	
2933372	
2933546	
2933958	
2934466	
2934800	
2935129	
2935457	
2935874	
2938029	
2938548	
2940220	
2942223	
2942264	
2942449	
2942630	
2942871	
2943744	
2945285	
2945733	
2947609	
2949352	
2949942	
2950246	
2951129	
2952041	
2952361	
2952656	
2953000	
2953643	
2954127	
2956663	
2957582	
2957993	
2958335	
2959101	
2959889	
2960350	
2960747	
2961491	
2961941	
2962098	
2962224	
2962279	
2962375	
2962779	
2963673	
2963854	
2963888	
2964218	
2964430	
2964686	
2965107	
2965518	
2965882	
2966217	
2966558	
2966693	
2966939	
2967053	
2967213	
2967327	
2967413	
2967524	
2968050	
2968399	
2969026	
2969564	
2970088	
2970933	
2971361	
2972466	
2973783	
2974746	
2975370	
2975575	
2975822	
2976491	
2977230	
2977509	
2978613	
2979178	
2979377	
2979708	
2980208	
2981667	
2981787	
2982049	
2982587	
2983140	
2983274	
2983430	
2983761	
2984414	
2984563	
2985104	
2986184	
2987426	
2987690	
2988148	
2989165	
2989567	
2991633	
2993045	
2993670	
2994303	
2994356	
2994556	
2995129	
2995490	
2995926	
2997697	
2998886	
2999120	
2999670	
3000059	
3000199	
3000666	
3001684	
3002177	
3003390	
3004496	
3005170	
3005869	
3006501	
3006846	
3007783	
3008375	
3010273	
3010655	
3010911	
3011121	
3011352	
3011857	
3012749	
3013213	
3015097	
3015479	
3015876	
3016347	
3017504	
3017877	
3018256	
3022443	
3024010	
3024529	
3025008	
3026065	
3026586	
3026948	
3027579	
3027842	
3028350	
3028558	
3028721	
3029371	
3030068	
3030579	
3032228	
3033607	
3033905	
3034621	
3035196	
3036052	
3036627	
3036896	
3038174	
3039431	
3040043	
3040407	
3040879	
3041267	
3041742	
3042430	
3043013	
3044682	
3046222	
3046589	
3047010	
3047550	
3048215	
3048400	
3048525	
3048887	
3049720	
3050128	
3051461	
3052623	
3052806	
3053165	
3053644	
3054386	
3054850	
3057792	
3058597	
3058902	
3059362	
3059827	
3060130	
3061183	
3061742	
3062230	
3064265	
3065422	
3065907	
3066327	
3067230	
3067623	
3068335	
3068688	
3068733	
3069103	
3069554	
3069853	
3072391	
3073662	
3073899	
3074288	
3074573	
3074857	
3075273	
3075696	
3075939	
3078368	
3078871	
3079339	
3079685	
3080225	
3080417	
3080716	
3081110	
3081443	
3082428	
3083661	
3084118	
3084876	
3085513	
3085925	
3085955	
3086341	
3087011	
3087505	
3087777	
3088623	
3089593	
3090497	
3091560	
3091969	
3092368	
3093077	
3093402	
3095772	
3097398	
3097826	
3098312	
3099444	
3099881	
3100637	
3101662	
3101849	
3102054	
3102557	
3104134	
3104612	
3108929	
3109490	
3109925	
3110583	
3112501	
3113111	
3114754	
3115828	
3116376	
3117554	
3118239	
3120201	
3122191	
3122555	
3123054	
3123218	
3123801	
3124413	
3124748	
3126365	
3127981	
3128414	
3128752	
3129830	
3130009	
3130720	
3131168	
3131694	
3132212	
3134504	
3135495	
3135862	
3136345	
3136518	
3136887	
3139251	
3139749	
3140073	
3140431	
3141095	
3141393	
3141843	
3142223	
3144085	
3145273	
3145508	
3145769	
3146379	
3147457	
3147748	
3149418	
3150469	
3151629	
3152489	
3155601	
3156309	
3156655	
3157036	
3157794	
3158297	
3158663	
3159294	
3159940	
3161161	
3161894	
3162157	
3162730	
3163205	
3165243	
3166307	
3166760	
3166822	
3167512	
3168445	
3169494	
3170339	
3172565	
3173403	
3173613	
3174023	
3174655	
3175010	
3177146	
3178183	
3178641	
3179144	
3180363	
3180834	
3181133	
3181553	
3182407	
3183499	
3183655	
3183782	
3184174	
3184748	
3185095	
3187292	
3188716	
3189085	
3189404	
3190421	
3190603	
3191032	
3191343	
3191902	
3193376	
3193741	
3193966	
3194534	
3194999	
3195298	
3196808	
3198389	
3198478	
3198793	
3199708	
3201080	
3202097	
3204192	
3205173	
3205695	
3206091	
3206658	
3207287	
3208060	
3208341	
3209564	
3210631	
3210901	
3211229	
3211592	
3212365	
3212567	
3214289	
3215666	
3215814	
3216357	
3216760	
3216937	
3219274	
3219815	
3220030	
3220514	
3221202	
3221229	
3221640	
3222072	
3222486	
3223250	
3223713	
3225756	
3226579	
3227131	
3227831	
3228171	
3228582	
3229198	
3229752	
3229928	
3230371	
3231429	
3232489	
3233358	
3233681	
3234214	
3234674	
3234777	
3235130	
3235686	
3236235	
3236625	
3237127	
3237263	
3237610	
3238242	
3238527	
3238956	
3240702	
3241915	
3242099	
3242210	
3242691	
3243283	
3243759	
3246516	
3246622	
3246856	
3247767	
3248388	
3248722	
3249810	
3251147	
3251587	
3252053	
3252608	
3253008	
3253379	
3253730	
3254586	
3255505	
3257495	
3258408	
3259147	
3260083	
3261416	
3262014	
3264705	
3266137	
3266643	
3267784	
3268981	
3269638	
3270708	
3271261	
3272003	
3273180	
3274445	
3275074	
3276041	
3277277	
3277698	
3277886	
3278179	
3279377	
3279879	
3280191	
3280831	
3281516	
3282046	
3284684	
3287214	
3287576	
3288282	
3289033	
3289499	
3289835	
3290698	
3292538	
3293541	
3295613	
3296749	
3297051	
3297736	
3298477	
3299278	
3300913	
3301322	
3301899	
3302275	
3303224	
3303701	
3304217	
3308232	
3309595	
3310169	
3310784	
3311194	
3311659	
3312028	
3312320	
3313168	
3314163	
3314977	
3315524	
3315987	
3318564	
3319100	
3319470	
3319703	
3320484	
3320989	
3321679	
3322541	
3322617	
3322935	
3323506	
3324508	
3324965	
3325947	
3326522	
3326949	
3328108	
3328730	
3333654	
3334369	
3335025	
3335638	
3336446	
3337326	
3337656	
3338238	
3339090	
3339946	
3340708	
3341504	
3341862	
3342055	
3342369	
3342779	
3343357	
3343692	
3346150	
3348318	
3348873	
3349433	
3349911	
3352228	
3353420	
3353923	
3354374	
3355355	
3355709	
3356138	
3356418	
3356782	
3359142	
3360151	
3360339	
3360734	
3361078	
3361210	
3361630	
3362270	
3363378	
3364496	
3366953	
3368720	
3369426	
3370192	
3371124	
3371377	
3371651	
3372199	
3372826	
3373172	
3376671	
3377568	
3378033	
3378666	
3379149	
3379531	
3380361	
3381111	
3381529	
3385360	
3385616	
3385809	
3386072	
3386375	
3387523	
3389016	
3389294	
3392271	
3393263	
3393645	
3393990	
3394193	
3394523	
3394927	
3395310	
3397722	
3398760	
3399307	
3399678	
3400399	
3400434	
3400520	
3401104	
3401428	
3401712	
3403260	
3403959	
3404351	
3404631	
3405268	
3405359	
3405646	
3406194	
3406709	
3407214	
3408475	
3408663	
3408897	
3409250	
3409816	
3410383	
3412667	
3413053	
3413647	
3413945	
3414838	
3415328	
3415824	
3416343	
3417564	
3418160	
3418349	
3419000	
3419463	
3419816	
3422310	
3422770	
3423175	
3423815	
3424245	
3424314	
3424522	
3425805	
3426528	
3426887	
3428693	
3430386	
3430768	
3431187	
3431775	
3432199	
3432632	
3433301	
3433891	
3436426	
3437820	
3438121	
3438854	
3439215	
3440288	
3441681	
3442388	
3446513	
3446969	
3447639	
3448487	
3449718	
3450181	
3450593	
3451661	
3452476	
3452923	
3455874	
3457104	
3457436	
3457811	
3458159	
3458741	
3459396	
3459788	
3461337	
3461911	
3462508	
3464193	
3464774	
3467417	
3469351	
3469595	
3470236	
3471278	
3471749	
3475392	
3475733	
3476091	
3476604	
3477349	
3477755	
3480857	
3480978	
3481240	
3481677	
3482302	
3482679	
3483576	
3484294	
3484938	
3486327	
3486700	
3487483	
3488173	
3488535	
3489925	
3490290	
3490810	
3491790	
3493518	
3494503	
3494700	
3495356	
3495991	
3496373	
3497063	
3497734	
3498172	
3498774	
3499255	
3499305	
3499891	
3500515	
3500878	
3502400	
3502694	
3503407	
3504621	
3505027	
3505187	
3505557	
3506142	
3506586	
3507634	
3508680	
3509300	
3510424	
3510853	
3510977	
3511082	
3511319	
3511874	
3513263	
3513692	
3515326	
3517391	
3517625	
3517809	
3518243	
3518584	
3518950	
3519599	
3520182	
3520741	
3522061	
3523205	
3523368	
3523897	
3525108	
3526152	
3527203	
3527680	
3528028	
3529142	
3529500	
3530866	
3531409	
3531879	
3532147	
3532243	
3532530	
3533165	
3533613	
3534419	
3534974	
3535297	
3536006	
3536328	
3537025	
3537252	
3537463	
3537899	
3538196	
3538598	
3538937	
3539542	
3541403	
3541902	
3543041	
3544005	
3544201	
3544662	
3546538	
3547375	
3547686	
3548360	
3548900	
3550055	
3550474	
3550902	
3551417	
3551673	
3552184	
3552873	
3554305	
3556000	
3556456	
3557085	
3557547	
3558143	
3558311	
3558701	
3559724	
3560295	
3560381	
3561290	
3562076	
3562584	
3562742	
3563064	
3563571	
3564321	
3564697	
3565424	
3565946	
3566498	
3566781	
3567034	
3567342	
3567767	
3568041	
3568493	
3569427	
3569442	
3570057	
3570832	
3571314	
3571950	
3572048	
3572355	
3572772	
3573190	
3573593	
3573987	
3574798	
3575190	
3575727	
3576443	
3577029	
3577090	
3577496	
3578029	
3578227	
3578347	
3578877	
3579369	
3579854	
3580905	
3581580	
3582183	
3582368	
3582695	
3582907	
3583538	
3584348	
3584908	
3586678	
3587647	
3588035	
3588545	
3588728	
3589070	
3589634	
3590007	
3590490	
3590873	
3591097	
3591353	
3591839	
3592461	
3592642	
3594360	
3595665	
3596770	
3596997	
3597125	
3597271	
3597817	
3598275	
3598680	
3600710	
3601648	
3601828	
3602028	
3602259	
3602493	
3603526	
3604940	
3605765	
3607056	
3608169	
3608619	
3608926	
3609632	
3611024	
3611783	
3611825	
3611867	
3611958	
3612373	
3612675	
3612986	
3615269	
3616615	
3616797	
3617155	
3617454	
3617610	
3617774	
3617962	
3618354	
3618505	
3619121	
3619454	
3619732	
3622037	
3622577	
3622798	
3622986	
3623355	
3623754	
3624448	
3624822	
3627198	
3628447	
3628929	
3629143	
3629583	
3630143	
3630353	
3631076	
3631399	
3632026	
3632113	
3632398	
3632752	
3633155	
3633376	
3633688	
3636179	
3636573	
3636781	
3636898	
3637041	
3637403	
3638398	
3638827	
3641356	
3642102	
3642236	
3642304	
3642438	
3642882	
3643427	
3644120	
3644466	
3646535	
3646863	
3647015	
3647375	
3648057	
3648608	
3649152	
3650521	
3650905	
3651093	
3651329	
3651773	
3652347	
3652679	
3653800	
3654758	
3655315	
3655519	
3655658	
3655897	
3656125	
3656357	
3656765	
3657053	
3657099	
3657273	
3657433	
3658160	
3658641	
3658959	
3660843	
3661515	
3661866	
3662339	
3662576	
3663022	
3663350	
3663607	
3663901	
3664299	
3666875	
3667079	
3667245	
3667595	
3668047	
3668470	
3669932	
3671160	
3671417	
3671586	
3671664	
3671823	
3671981	
3672285	
3672745	
3673009	
3673661	
3673988	
3674318	
3674441	
3674517	
3674838	
3675759	
3676490	
3677036	
3678010	
3678152	
3678247	
3678478	
3678724	
3679223	
3679643	
3682691	
3684211	
3684424	
3684821	
3685200	
3685734	
3686005	
3686186	
3686387	
3686778	
3687346	
3688135	
3689010	
3691667	
3692824	
3693105	
3693312	
3693371	
3693402	
3693532	
3693728	
3694377	
3694721	
3695018	
3695100	
3695348	
3695894	
3696329	
3696626	
3697886	
3699145	
3699496	
3699901	
3699993	
3700451	
3701088	
3702027	
3702172	
3702937	
3703472	
3704031	
3704225	
3704650	
3705409	
3705834	
3705891	
3706063	
3706522	
3707313	
3707864	
3708479	
3708957	
3709488	
3709886	
3709952	
3710150	
3710486	
3710978	
3711436	
3711680	
3711857	
3712143	
3712461	
3713316	
3713410	
3713694	
3714143	
3714580	
3714814	
3715100	
3715929	
3716375	
3716944	
3717287	
3717782	
3718283	
3718508	
3718601	
3718951	
3719363	
3719530	
3719722	
3720359	
3721850	
3722255	
3722349	
3722686	
3723264	
3723520	
3723572	
3723756	
3724292	
3724678	
3725147	
3725494	
3725695	
3725813	
3725913	
3726069	
3726324	
3726807	
3727195	
3729105	
3729950	
3730344	
3730570	
3731439	
3731767	
3731980	
3732240	
3732697	
3733137	
3733228	
3733301	
3733510	
3733971	
3734257	
3734573	
3735102	
3735553	
3736120	
3736271	
3736488	
3736629	
3737162	
3737489	
3737900	
3738376	
3739063	
3739314	
3739395	
3739680	
3740065	
3740250	
3740392	
3740585	
3741056	
3741734	
3742192	
3743454	
3744215	
3744772	
3745228	
3745364	
3745660	
3747044	
3747516	
3748003	
3748440	
3748819	
3749363	
3750092	
3750523	
3750914	
3751849	
3751890	
3752152	
3752356	
3752832	
3753422	
3753816	
3753965	
3754420	
3754886	
3755185	
3755608	
3756041	
3756281	
3756672	
3756723	
3757171	
3757570	
3757656	
3757692	
3758030	
3758361	
3758926	
3759372	
3759422	
3759960	
3760295	
3760546	
3760702	
3760958	
3761340	
3761625	
3762071	
3762507	
3763005	
3763394	
3763551	
3763773	
3764084	
3764379	
3764643	
3765825	
3765906	
3766188	
3766878	
3767070	
3767114	
3767126	
3767232	
3767549	
3767694	
3768134	
3768723	
3769054	
3769444	
3770367	
3770656	
3771247	
3772029	
3772049	
3772093	
3772686	
3772987	
3773259	
3773399	
3773698	
3774160	
3774522	
3774685	
3774967	
3775156	
3775331	
3775835	
3776462	
3776919	
3778404	
3778745	
3779143	
3779483	
3779708	
3779917	
3780275	
3780832	
3781741	
3782415	
3783063	
3783070	
3783200	
3783220	
3783497	
3783554	
3783787	
3784478	
3785463	
3785792	
3786521	
3787306	
3787738	
3788175	
3788469	
3788597	
3788879	
3789259	
3789550	
3789788	
3789977	
3790183	
3790762	
3791361	
3791394	
3791624	
3792014	
3792701	
3793847	
3794239	
3794707	
3795169	
3795354	
3795667	
3796498	
3796746	
3796823	
3797103	
3797459	
3797723	
3798060	
3798306	
3798688	
3799444	
3799741	
3800091	
3800361	
3800462	
3800678	
3801090	
3801383	
3801810	
3802190	
3802241	
3802509	
3802877	
3803577	
3803813	
3803933	
3804118	
3804382	
3804852	
3805101	
3805228	
3805255	
3805465	
3805859	
3806639	
3807051	
3807247	
3807464	
3807702	
3808043	
3808757	
3809035	
3811062	
3811430	
3811936	
3812383	
3812728	
3813092	
3813276	
3813412	
3813602	
3813882	
3814138	
3816078	
3816548	
3816783	
3817092	
3817678	
3818572	
3819412	
3819929	
3820522	
3821244	
3821501	
3821654	
3821842	
3821852	
3822103	
3822320	
3823056	
3824170	
3824358	
3824650	
3825127	
3825648	
3825854	
3825910	
3826114	
3826422	
3827039	
3828053	
3828525	
3828783	
3828841	
3828959	
3829343	
3829637	
3830081	
3832396	
3832556	
3832794	
3833045	
3833574	
3834180	
3834358	
3834504	
3834797	
3835312	
3836045	
3836688	
3836877	
3836922	
3837132	
3837461	
3838051	
3838907	
3839383	
3840204	
3840348	
3840675	
3840857	
3840959	
3841179	
3841394	
3841748	
3842102	
3842590	
3843170	
3843629	
3843878	
3844142	
3844523	
3845959	
3846445	
3846634	
3846837	
3847126	
3847909	
3848050	
3848272	
3848591	
3848839	
3849039	
3849330	
3849757	
3850147	
3850665	
3850907	
3851186	
3851413	
3852020	
3853035	
3853235	
3853322	
3853365	
3853444	
3853551	
3853899	
3854330	
3854701	
3854912	
3854953	
3855169	
3855418	
3855924	
3857457	
3857713	
3857798	
3857974	
3858338	
3858864	
3859194	
3859296	
3859493	
3859792	
3859990	
3860109	
3860333	
3860747	
3861488	
3861679	
3861706	
3862141	
3862511	
3863115	
3863528	
3863813	
3864251	
3864561	
3864822	
3865262	
3865448	
3865690	
3865977	
3866736	
3867047	
3867397	
3867662	
3867896	
3868257	
3868455	
3869348	
3869413	
3869438	
3869738	
3869984	
3870481	
3871579	
3871789	
3871980	
3872401	
3873199	
3873406	
3873489	
3873746	
3874080	
3874282	
3874651	
3876851	
3877297	
3877438	
3877933	
3878678	
3879111	
3879450	
3879673	
3879974	
3881227	
3881701	
3881896	
3882111	
3882459	
3882684	
3885293	
3886412	
3887019	
3887711	
3888169	
3888647	
3889076	
3889503	
3889785	
3890317	
3890666	
3891042	
3891367	
3891714	
3891874	
3891970	
3892704	
3892717	
3893626	
3893866	
3893942	
3894274	
3894689	
3894849	
3895170	
3895511	
3895605	
3895820	
3896113	
3896823	
3896992	
3897222	
3897343	
3897477	
3897766	
3898409	
3899180	
3899256	
3899337	
3899546	
3899937	
3901128	
3902417	
3903064	
3903467	
3904202	
3904728	
3906151	
3907196	
3907880	
3907920	
3908265	
3909249	
3909405	
3909906	
3910042	
3910300	
3910896	
3911670	
3912017	
3912698	
3913378	
3913701	
3915139	
3915581	
3916276	
3916361	
3916960	
3917356	
3917743	
3917974	
3918701	
3918768	
3918952	
3919434	
3920265	
3921046	
3922149	
3922924	
3923719	
3923739	
3924237	
3924824	
3925518	
3925680	
3925976	
3926398	
3928978	
3929056	
3929362	
3930149	
3930269	
3930746	
3931394	
3931804	
3932313	
3932606	
3932892	
3933694	
3934620	
3935460	
3936154	
3936740	
3936829	
3937173	
3937926	
3938321	
3939551	
3940302	
3941418	
3942061	
3942579	
3943025	
3943197	
3943832	
3944277	
3944932	
3945767	
3946426	
3947462	
3947646	
3948081	
3949032	
3949389	
3949899	
3950260	
3950747	
3952496	
3953333	
3953587	
3953889	
3954420	
3954649	
3955143	
3955625	
3956104	
3956522	
3956858	
3957328	
3958747	
3960261	
3960711	
3961208	
3961425	
3961985	
3962358	
3962981	
3963182	
3963490	
3964355	
3964712	
3965363	
3967234	
3967271	
3967279	
3967710	
3968600	
3969127	
3969244	
3969953	
3970637	
3972216	
3973352	
3974085	
3974253	
3974669	
3975620	
3975943	
3976275	
3977272	
3978188	
3979208	
3979375	
3980022	
3980643	
3980752	
3981332	
3981456	
3981488	
3981862	
3982451	
3982843	
3983822	
3984629	
3985278	
3985576	
3986158	
3986312	
3986540	
3987079	
3987350	
3988220	
3989009	
3989846	
3990457	
3991538	
3992664	
3993526	
3993567	
3994179	
3994744	
3994900	
3995332	
3995521	
3995754	
3996226	
3996530	
3996884	
3998612	
3998860	
3999670	
3999871	
4000246	
4000943	
4001533	
4001645	
4001902	
4003449	
4003939	
4004149	
4004987	
4005347	
4005975	
4006501	
4006767	
4007788	
4008614	
4010232	
4011278	
4011397	
4011972	
4013046	
4013158	
4013662	
4014421	
4014782	
4014840	
4015161	
4015414	
4015609	
4017990	
4018306	
4018836	
4019068	
4019555	
4020037	
4020813	
4021188	
4021419	
4021676	
4023954	
4024756	
4025112	
4025543	
4025554	
4025937	
4026669	
4026705	
4026837	
4027187	
4027363	
4027663	
4030084	
4031159	
4031566	
4031823	
4032218	
4032933	
4033119	
4033461	
4033755	
4035010	
4035846	
4036420	
4036656	
4037132	
4037452	
4037760	
4037913	
4038358	
4038959	
4039114	
4039426	
4039629	
4040163	
4040729	
4040896	
4041036	
4041376	
4041839	
4042156	
4043377	
4044877	
4045406	
4045759	
4046094	
4046308	
4046880	
4047448	
4047990	
4048289	
4048915	
4049187	
4050084	
4050549	
4051095	
4051370	
4051563	
4051799	
4052168	
4052718	
4053096	
4053275	
4053690	
4054041	
4054319	
4054656	
4055031	
4055581	
4055731	
4055899	
4056147	
4056519	
4057687	
4057719	
4058489	
4059487	
4059998	
4060288	
4060737	
4062181	
4062551	
4063167	
4064077	
4065033	
4065513	
4065794	
4066305	
4066623	
4068200	
4069526	
4069660	
4069855	
4070353	
4070911	
4071241	
4071378	
4071938	
4072806	
4073394	
4074026	
4074504	
4075164	
4075561	
4075797	
4076320	
4076594	
4077919	
4078316	
4078723	
4079304	
4079534	
4079635	
4080303	
4081248	
4081846	
4082322	
4082916	
4082988	
4083673	
4084032	
4086157	
4087063	
4087158	
4087454	
4087895	
4088424	
4088899	
4089180	
4089421	
4089911	
4090429	
4091497	
4091894	
4091961	
4092252	
4092656	
4093163	
4093637	
4094056	
4094522	
4094672	
4095094	
4095341	
4095812	
4097307	
4098366	
4099318	
4099773	
4100602	
4100996	
4101259	
4101878	
4103414	
4104086	
4104685	
4105523	
4106276	
4106443	
4106589	
4107098	
4107544	
4107943	
4108814	
4109621	
4110145	
4110868	
4111462	
4111868	
4112380	
4112961	
4113397	
4114749	
4114972	
4115540	
4115676	
4116007	
4116698	
4117158	
4117517	
4118683	
4119883	
4120377	
4121193	
4121689	
4122118	
4122763	
4123111	
4123984	
4125527	
4126143	
4126673	
4127775	
4128353	
4128928	
4129663	
4129926	
4130264	
4130490	
4130615	
4130945	
4131330	
4131693	
4132131	
4132625	
4132952	
4133122	
4133395	
4134571	
4134809	
4135205	
4135843	
4136221	
4136513	
4136998	
4137380	
4137470	
4138060	
4138437	
4138761	
4139276	
4139917	
4140526	
4141066	
4141370	
4141826	
4142114	
4142589	
4144067	
4144850	
4145155	
4145950	
4146100	
4146469	
4147068	
4148160	
4148423	
4148534	
4148721	
4148885	
4149056	
4149402	
4149725	
4150588	
4151206	
4151951	
4152455	
4153023	
4153809	
4154114	
4154411	
4154661	
4155158	
4157228	
4157731	
4158210	
4158413	
4158992	
4159776	
4160050	
4160344	
4161059	
4162170	
4162806	
4163419	
4164068	
4164990	
4165231	
4165763	
4166282	
4166919	
4167363	
4167787	
4168197	
4168663	
4168963	
4169508	
4169902	
4170462	
4170808	
4170823	
4170991	
4171329	
4171558	
4172872	
4173352	
4174095	
4174811	
4175561	
4176310	
4176727	
4176791	
4177123	
4177271	
4177757	
4178620	
4178966	
4179457	
4180164	
4180923	
4181715	
4182498	
4182757	
4183194	
4183693	
4183992	
4184409	
4184554	
4185321	
4185939	
4185961	
4186297	
4186649	
4187066	
4187503	
4187814	
4187951	
4188043	
4188300	
4188674	
4189537	
4190193	
4190683	
4191089	
4191296	
4191346	
4191792	
4192244	
4192638	
4193357	
4193989	
4194357	
4195070	
4195521	
4196140	
4196933	
4197649	
4198039	
4199360	
4199930	
4201142	
4201589	
4202482	
4203371	
4203723	
4203989	
4204293	
4204786	
4205046	
4206093	
4206978	
4207248	
4207751	
4207952	
4208496	
4209225	
4209435	
4210931	
4211491	
4212212	
4213082	
4213928	
4214194	
4214221	
4214389	
4214810	
4215251	
4216468	
4217212	
4217569	
4218121	
4218697	
4218806	
4219212	
4219556	
4220025	
4221433	
4222851	
4223657	
4223797	
4224294	
4225043	
4225422	
4225819	
4225965	
4226051	
4226455	
4227311	
4227727	
4229645	
4230107	
4230554	
4231085	
4231784	
4231881	
4232288	
4232867	
4233187	
4233456	
4233947	
4234289	
4234817	
4235107	
4235593	
4235884	
4235996	
4236090	
4236739	
4238332	
4238957	
4240285	
4241058	
4241422	
4241775	
4242064	
4243478	
4244641	
4245039	
4245892	
4247063	
4247650	
4248564	
4249349	
4249635	
4250187	
4250948	
4251400	
4252462	
4253346	
4253758	
4254341	
4254852	
4255840	
4256073	
4256460	
4256742	
4257938	
4259137	
4259689	
4260203	
4260765	
4261307	
4261364	
4261697	
4262122	
4262460	
4262951	
4263355	
4263726	
4264137	
4264465	
4264883	
4265881	
4266320	
4266537	
4266638	
4266948	
4267211	
4267484	
4269654	
4270147	
4270442	
4270742	
4271463	
4272061	
4272144	
4272353	
4272618	
4273021	
4274753	
4275361	
4276012	
4276635	
4276907	
4277301	
4278328	
4279621	
4281128	
4282114	
4282586	
4283038	
4283758	
4284781	
4285567	
4285632	
4285882	
4286344	
4286665	
4289253	
4290207	
4291250	
4291396	
4292020	
4292714	
4293285	
4293566	
4293880	
4294071	
4294323	
4296607	
4296776	
4296990	
4297524	
4297936	
4298716	
4298985	
4299517	
4299748	
4300133	
4300541	
4301501	
4302237	
4302876	
4303210	
4303822	
4304543	
4305441	
4305798	
4305936	
4306179	
4306444	
4306658	
4306985	
4309320	
4309792	
4310122	
4310440	
4311333	
4311533	
4312139	
4312701	
4313511	
4313774	
4314066	
4314352	
4316828	
4317398	
4317611	
4317899	
4318297	
4318624	
4319139	
4319886	
4320370	
4320565	
4320598	
4320811	
4321008	
4321680	
4323020	
4323939	
4325339	
4325884	
4327062	
4327589	
4328228	
4329542	
4329899	
4329969	
4330137	
4330387	
4331116	
4331995	
4332536	
4333368	
4333743	
4334137	
4334677	
4335014	
4335418	
4335830	
4336306	
4336807	
4336981	
4337092	
4337381	
4337678	
4337915	
4339645	
4340986	
4341600	
4342003	
4342565	
4342826	
4342914	
4343575	
4344354	
4345019	
4346612	
4347316	
4347665	
4348252	
4348968	
4349675	
4350548	
4350792	
4351447	
4352224	
4353793	
4354917	
4355543	
4356458	
4356836	
4356860	
4357287	
4357689	
4357981	
4358174	
4358262	
4358547	
4358924	
4359746	
4360020	
4360468	
4361331	
4361624	
4362076	
4362497	
4362862	
4363358	
4364088	
4364575	
4364941	
4365424	
4365717	
4366259	
4366735	
4367218	
4368060	
4368820	
4369501	
4369720	
4370358	
4371208	
4371755	
4371941	
4372453	
4373353	
4373564	
4374183	
4374358	
4375590	
4376619	
4377516	
4378102	
4378849	
4379487	
4380127	
4380300	
4381273	
4381406	
4381924	
4382305	
4383974	
4385276	
4385868	
4386457	
4386961	
4387777	
4388216	
4388476	
4388849	
4390094	
4391221	
4391605	
4392261	
4392681	
4392954	
4393116	
4393147	
4393900	
4394463	
4394846	
4395791	
4396800	
4397201	
4397560	
4397912	
4398118	
4399894	
4401678	
4401899	
4402166	
4402843	
4403429	
4403522	
4403894	
4404616	
4405397	
4405673	
4405828	
4406083	
4406223	
4406470	
4406798	
4408636	
4409855	
4410089	
4410764	
4411381	
4411535	
4411847	
4412169	
4412315	
4412826	
4413260	
4414132	
4414371	
4414481	
4414904	
4415493	
4415780	
4416184	
4416920	
4417299	
4418870	
4420015	
4420167	
4420521	
4421666	
4422261	
4422567	
4422961	
4423650	
4424497	
4425187	
4425301	
4425640	
4426282	
4426739	
4427633	
4427901	
4429350	
4430462	
4430895	
4431243	
4432244	
4432661	
4432814	
4433148	
4434073	
4434585	
4435947	
4436319	
4437203	
4437648	
4437963	
4438826	
4439369	
4439781	
4440355	
4440769	
4443341	
4443608	
4444150	
4444869	
4445431	
4446171	
4446789	
4446933	
4447535	
4448225	
4448265	
4448326	
4448940	
4451069	
4451561	
4451581	
4451984	
4452807	
4453778	
4454251	
4455029	
4455529	
4455650	
4455985	
4456390	
4456733	
4457537	
4457899	
4460907	
4461684	
4462230	
4462977	
4463481	
4463930	
4464225	
4464493	
4464545	
4465129	
4465762	
4467218	
4467618	
4467702	
4467981	
4468974	
4470044	
4470135	
4470452	
4470541	
4470841	
4471394	
4471918	
4472646	
4473546	
4473951	
4474313	
4474745	
4475188	
4475704	
4476671	
4477603	
4478195	
4479094	
4479376	
4479994	
4480237	
4480606	
4482223	
4483581	
4483833	
4484488	
4484774	
4485088	
4485763	
4486419	
4486966	
4487007	
4487427	
4487875	
4488179	
4488987	
4489615	
4489768	
4490014	
4491032	
4491521	
4494764	
4495308	
4496237	
4496935	
4497597	
4498366	
4498734	
4499049	
4500760	
4502025	
4502250	
4502718	
4503471	
4503788	
4504053	
4504406	
4504758	
4505783	
4506877	
4507366	
4508018	
4508724	
4509427	
4509532	
4509859	
4510670	
4511331	
4511521	
4511859	
4512589	
4512969	
4513436	
4514051	
4514635	
4515487	
4515671	
4515944	
4518591	
4519010	
4519506	
4519857	
4520418	
4521111	
4521311	
4521719	
4522055	
4522595	
4523252	
4523693	
4524144	
4525070	
4525415	
4527437	
4529194	
4529622	
4529991	
4530477	
4531130	
4531359	
4531602	
4532694	
4533390	
4534384	
4534923	
4535480	
4536300	
4536626	
4536666	
4536997	
4537776	
4538385	
4538593	
4539150	
4539412	
4539606	
4540133	
4540311	
4540870	
4541756	
4541896	
4542976	
4543632	
4543723	
4544345	
4544814	
4549642	
4550562	
4551216	
4551483	
4552327	
4553116	
4553471	
4553934	
4554502	
4555719	
4556029	
4556770	
4558210	
4559423	
4561185	
4561681	
4561982	
4562384	
4564973	
4565609	
4566008	
4566570	
4567288	
4568023	
4568411	
4568945	
4571369	
4571595	
4572046	
4572495	
4573065	
4573163	
4573499	
4575087	
4576496	
4576867	
4577141	
4577830	
4578062	
4578567	
4578880	
4579365	
4579903	
4580467	
4581062	
4581497	
4581973	
4582113	
4582219	
4582251	
4584118	
4584924	
4585221	
4585571	
4586215	
4586566	
4586866	
4587059	
4587539	
4588639	
4589150	
4589729	
4590208	
4590815	
4591261	
4591309	
4591623	
4592311	
4592855	
4592995	
4593370	
4593804	
4594056	
4594108	
4594467	
4595148	
4595476	
4596134	
4596605	
4596668	
4596916	
4597538	
4598087	
4598116	
4598553	
4598958	
4599111	
4599392	
4599934	
4600311	
4600666	
4600907	
4602573	
4604519	
4604818	
4605413	
4606069	
4606366	
4606642	
4608193	
4609542	
4609921	
4610152	
4610842	
4611405	
4611669	
4611942	
4614211	
4615500	
4615776	
4616192	
4616642	
4616956	
4617364	
4617564	
4618160	
4618884	
4619540	
4620097	
4620512	
4621147	
4621665	
4621800	
4621998	
4622667	
4623289	
4623474	
4624134	
4624297	
4624500	
4625014	
4625300	
4626589	
4626988	
4627313	
4627697	
4628075	
4628602	
4628877	
4629155	
4629584	
4630852	
4631228	
4631233	
4631235	
4631237	
4631411	
4632055	
4632297	
4633900	
4635059	
4635484	
4635812	
4636266	
4636758	
4637145	
4637510	
4638086	
4638605	
4639801	
4640639	
4643185	
4644849	
4645408	
4645618	
4647239	
4648588	
4649033	
4649380	
4649920	
4650282	
4650405	
4650460	
4650570	
4650872	
4651189	
4652435	
4653011	
4653622	
4654044	
4654599	
4654864	
4654962	
4655456	
4656241	
4656729	
4657018	
4657795	
4657923	
4658219	
4658770	
4658939	
4659828	
4660341	
4660894	
4660917	
4661285	
4662014	
4663791	
4664313	
4664565	
4664861	
4665508	
4665888	
4666209	
4666446	
4667048	
4667816	
4668804	
4669420	
4669981	
4670533	
4670805	
4670859	
4671182	
4671912	
4672623	
4674255	
4675159	
4675519	
4675978	
4676799	
4677323	
4677749	
4677936	
4678514	
4679816	
4680286	
4680932	
4681397	
4682459	
4682721	
4682766	
4683095	
4684041	
4684677	
4684847	
4685373	
4685862	
4686190	
4688979	
4690564	
4691078	
4691945	
4696293	
4696919	
4697308	
4697919	
4698309	
4698927	
4699209	
4699519	
4701487	
4702702	
4703308	
4704035	
4704534	
4705399	
4705914	
4705984	
4706258	
4707022	
4707720	
4707748	
4708327	
4708720	
4708898	
4709066	
4709284	
4709648	
4710048	
4710364	
4711680	
4713305	
4714798	
4715218	
4715757	
4716738	
4717193	
4717523	
4717742	
4718452	
4719985	
4720559	
4720856	
4721532	
4721911	
4723917	
4724898	
4725289	
4725853	
4727101	
4727459	
4727780	
4727975	
4728297	
4728591	
4730034	
4731507	
4732014	
4732432	
4732948	
4733672	
4734006	
4734045	
4734104	
4734302	
4735064	
4735401	
4735622	
4735904	
4736230	
4736784	
4737538	
4738164	
4738698	
4739458	
4739886	
4739990	
4740330	
4740974	
4741842	
4741907	
4742491	
4742856	
4743197	
4744706	
4745760	
4746027	
4748296	
4749123	
4749529	
4750064	
4750472	
4751010	
4751429	
4751666	
4752124	
4753702	
4755067	
4755755	
4756205	
4756726	
4756995	
4757487	
4757835	
4758318	
4763350	
4763850	
4764447	
4764875	
4765310	
4765907	
4766889	
4767631	
4772058	
4772555	
4773181	
4774170	
4775345	
4776359	
4776621	
4777060	
4777418	
4777980	
4779996	
4780692	
4781110	
4781529	
4782211	
4782490	
4782782	
4783121	
4783322	
4783657	
4784290	
4784781	
4786690	
4788870	
4789264	
4789879	
4790426	
4791017	
4791464	
4791785	
4792096	
4792965	
4793333	
4794001	
4795370	
4795691	
4798910	
4800209	
4800409	
4800671	
4800992	
4801588	
4802103	
4804889	
4805711	
4806214	
4806715	
4807349	
4808009	
4808390	
4808773	
4810006	
4810948	
4811493	
4812166	
4812274	
4812670	
4813121	
4813371	
4814690	
4816079	
4816422	
4816861	
4817416	
4817763	
4818124	
4818568	
4819032	
4819354	
4821251	
4822517	
4822937	
4823471	
4823989	
4824415	
4824881	
4825334	
4825704	
4827889	
4828936	
4829180	
4829651	
4830631	
4830973	
4831699	
4832587	
4833295	
4836377	
4837201	
4837719	
4838085	
4838320	
4839194	
4839528	
4839899	
4842077	
4843358	
4843829	
4844143	
4844727	
4845035	
4845300	
4845919	
4847106	
4847739	
4849819	
4850843	
4851344	
4852002	
4852696	
4855655	
4856599	
4857073	
4857433	
4858188	
4859018	
4859286	
4859683	
4860355	
4861974	
4862585	
4863033	
4863789	
4864401	
4865105	
4867886	
4870375	
4871026	
4871670	
4872160	
4872339	
4872676	
4873223	
4873451	
4876038	
4876346	
4876598	
4876917	
4877298	
4877468	
4878055	
4878564	
4878869	
4880368	
4881870	
4882399	
4882919	
4883448	
4884707	
4886165	
4886704	
4887058	
4887350	
4887942	
4888533	
4889119	
4892030	
4893055	
4893510	
4894106	
4894955	
4895616	
4896550	
4897967	
4898308	
4901260	
4903461	
4903993	
4904983	
4905639	
4906111	
4906876	
4907311	
4907648	
4909736	
4910940	
4911622	
4912232	
4912442	
4913149	
4913672	
4913998	
4916064	
4916594	
4917146	
4917732	
4918690	
4919352	
4919808	
4920097	
